38.2
57.300000000000004 57.300000000000004
95.5 57.300000000000004
133.70000000000002 57.300000000000004
171.9 57.300000000000004
210.1 57.300000000000004
248.29999999999998 57.300000000000004
286.5 57.300000000000004
324.69999999999993 57.300000000000004
362.9 57.300000000000004
401.0999999999999 57.300000000000004
439.29999999999995 57.300000000000004
477.4999999999999 57.300000000000004
515.6999999999999 57.300000000000004
553.9 57.300000000000004
592.1 57.300000000000004
630.3000000000001 57.300000000000004
668.5000000000001 57.300000000000004
706.7000000000002 57.300000000000004
57.300000000000004 95.5
95.5 95.5
133.70000000000002 95.5
171.9 95.5
210.1 95.5
248.29999999999998 95.5
286.5 95.5
324.69999999999993 95.5
362.9 95.5
401.0999999999999 95.5
439.29999999999995 95.5
477.4999999999999 95.5
515.6999999999999 95.5
553.9 95.5
592.1 95.5
630.3000000000001 95.5
668.5000000000001 95.5
706.7000000000002 95.5
57.300000000000004 133.70000000000002
95.5 133.70000000000002
248.29999999999998 133.70000000000002
515.6999999999999 133.70000000000002
668.5000000000001 133.70000000000002
706.7000000000002 133.70000000000002
57.300000000000004 171.9
95.5 171.9
171.9 171.9
210.1 171.9
248.29999999999998 171.9
286.5 171.9
324.69999999999993 171.9
439.29999999999995 171.9
477.4999999999999 171.9
515.6999999999999 171.9
553.9 171.9
592.1 171.9
668.5000000000001 171.9
706.7000000000002 171.9
57.300000000000004 210.1
95.5 210.1
171.9 210.1
210.1 210.1
248.29999999999998 210.1
286.5 210.1
324.69999999999993 210.1
439.29999999999995 210.1
477.4999999999999 210.1
515.6999999999999 210.1
553.9 210.1
592.1 210.1
668.5000000000001 210.1
706.7000000000002 210.1
57.300000000000004 248.29999999999998
95.5 248.29999999999998
171.9 248.29999999999998
210.1 248.29999999999998
248.29999999999998 248.29999999999998
286.5 248.29999999999998
324.69999999999993 248.29999999999998
439.29999999999995 248.29999999999998
477.4999999999999 248.29999999999998
515.6999999999999 248.29999999999998
553.9 248.29999999999998
592.1 248.29999999999998
668.5000000000001 248.29999999999998
706.7000000000002 248.29999999999998
95.5 286.5
668.5000000000001 286.5
706.7000000000002 286.5
95.5 324.69999999999993
668.5000000000001 324.69999999999993
706.7000000000002 324.69999999999993
95.5 362.9
133.70000000000002 362.9
171.9 362.9
210.1 362.9
248.29999999999998 362.9
286.5 362.9
324.69999999999993 362.9
362.9 362.9
401.0999999999999 362.9
439.29999999999995 362.9
477.4999999999999 362.9
515.6999999999999 362.9
553.9 362.9
592.1 362.9
630.3000000000001 362.9
668.5000000000001 362.9
706.7000000000002 362.9
248.29999999999998 401.0999999999999
286.5 401.0999999999999
324.69999999999993 401.0999999999999
362.9 401.0999999999999
401.0999999999999 401.0999999999999
439.29999999999995 401.0999999999999
477.4999999999999 401.0999999999999
515.6999999999999 401.0999999999999
553.9 401.0999999999999
592.1 401.0999999999999
630.3000000000001 401.0999999999999
668.5000000000001 401.0999999999999
706.7000000000002 401.0999999999999
248.29999999999998 439.29999999999995
401.0999999999999 439.29999999999995
630.3000000000001 439.29999999999995
668.5000000000001 439.29999999999995
706.7000000000002 439.29999999999995
248.29999999999998 477.4999999999999
401.0999999999999 477.4999999999999
630.3000000000001 477.4999999999999
668.5000000000001 477.4999999999999
706.7000000000002 477.4999999999999
