1 18 
0 2 19 
1 3 20 
2 4 21 
3 5 22 
4 6 23 
5 7 24 
6 8 25 
7 9 26 
8 10 27 
9 11 28 
10 12 29 
11 13 30 
12 14 31 
13 15 32 
14 16 33 
15 17 34 
16 35 
0 19 36 
1 18 20 37 
2 19 21 
3 20 22 
4 21 23 
5 22 24 38 
6 23 25 
7 24 26 
8 25 27 
9 26 28 
10 27 29 
11 28 30 
12 29 31 39 
13 30 32 
14 31 33 
15 32 34 
16 33 35 40 
17 34 41 
18 37 42 
19 36 43 
23 46 
30 51 
34 41 54 
35 40 55 
36 43 56 
37 42 57 
45 58 
44 46 59 
38 45 47 60 
46 48 61 
47 62 
50 63 
49 51 64 
39 50 52 65 
51 53 66 
52 67 
40 55 68 
41 54 69 
42 57 70 
43 56 71 
44 59 72 
45 58 60 73 
46 59 61 74 
47 60 62 75 
48 61 76 
49 64 77 
50 63 65 78 
51 64 66 79 
52 65 67 80 
53 66 81 
54 69 82 
55 68 83 
56 71 
57 70 84 
58 73 
59 72 74 
60 73 75 
61 74 76 
62 75 
63 78 
64 77 79 
65 78 80 
66 79 81 
67 80 
68 83 85 
69 82 86 
71 87 
82 86 88 
83 85 89 
84 90 
85 89 105 
86 88 106 
87 91 
90 92 
91 93 
92 94 
93 95 107 
94 96 108 
95 97 109 
96 98 110 
97 99 111 
98 100 112 
99 101 113 
100 102 114 
101 103 115 
102 104 116 
103 105 117 
88 104 106 118 
89 105 119 
94 108 120 
95 107 109 
96 108 110 
97 109 111 
98 110 112 121 
99 111 113 
100 112 114 
101 113 115 
102 114 116 
103 115 117 
104 116 118 122 
105 117 119 123 
106 118 124 
107 125 
111 126 
117 123 127 
118 122 124 128 
119 123 129 
120 
121 
122 128 
123 127 129 
124 128 
